    0.10000000000000E-02    0.45000001500000E+14
    0.10109909909910E+00    0.43089473160310E+06
    0.20119819819820E+00    0.27497915606229E+05
    0.30129729729730E+00    0.54768823040676E+04
    0.40139639639640E+00    0.17426543585227E+04
    0.50149549549550E+00    0.71727433789712E+03
    0.60159459459459E+00    0.34755409075562E+03
    0.70169369369369E+00    0.18851268681114E+03
    0.80179279279279E+00    0.11105728664858E+03
    0.90189189189189E+00    0.69689961642867E+02
    0.10019909909910E+01    0.45962217032154E+02
    0.11020900900901E+01    0.31555317695906E+02
    0.12021891891892E+01    0.22391713733977E+02
    0.13022882882883E+01    0.16333355953935E+02
    0.14023873873874E+01    0.12195022411417E+02
    0.15024864864865E+01    0.92882581677046E+01
    0.16025855855856E+01    0.71969213721879E+01
    0.17026846846847E+01    0.56606863795325E+01
    0.18027837837838E+01    0.45117562474463E+01
    0.19028828828829E+01    0.36390916496335E+01
    0.20029819819820E+01    0.29674773576887E+01
    0.21030810810811E+01    0.24448892116296E+01
    0.22031801801802E+01    0.20346584372405E+01
    0.23032792792793E+01    0.17104905344764E+01
    0.24033783783784E+01    0.14532277626403E+01
    0.25034774774775E+01    0.12487021398916E+01
    0.26035765765766E+01    0.10862853393618E+01
    0.27036756756757E+01    0.95789279756291E+00
    0.28037747747748E+01    0.85728927239787E+00
    0.29038738738739E+01    0.77959784343560E+00
    0.30039729729730E+01    0.72094836393768E+00
    0.31040720720721E+01    0.67822290085026E+00
    0.32041711711712E+01    0.64886955593602E+00
    0.33042702702703E+01    0.63076512307311E+00
    0.34043693693694E+01    0.62211305032687E+00
    0.35044684684685E+01    0.62136722088903E+00
    0.36045675675676E+01    0.62717482328150E+00
    0.37046666666667E+01    0.63833348156524E+00
    0.38047657657658E+01    0.65375914110028E+00
    0.39048648648649E+01    0.67246213862197E+00
    0.40049639639640E+01    0.69352954922990E+00
    0.41050630630631E+01    0.71611237947023E+00
    0.42051621621622E+01    0.73941652086926E+00
    0.43052612612613E+01    0.76269663040682E+00
    0.44053603603604E+01    0.78525229012221E+00
    0.45054594594595E+01    0.80642593597167E+00
    0.46055585585586E+01    0.82560214938508E+00
    0.47056576576577E+01    0.84220798309716E+00
    0.48057567567568E+01    0.85571405250492E+00
    0.49058558558559E+01    0.86563616991427E+00
    0.50059549549550E+01    0.87153733514491E+00
    0.51060540540541E+01    0.87302992467199E+00
    0.52061531531532E+01    0.86977794471873E+00
    0.53062522522523E+01    0.86149923289729E+00
    0.54063513513514E+01    0.84796750917933E+00
    0.55064504504505E+01    0.82901419094692E+00
    0.56065495495496E+01    0.80452989920694E+00
    0.57066486486486E+01    0.77446559417687E+00
    0.58067477477477E+01    0.73883328868067E+00
    0.59068468468468E+01    0.69770629735511E+00
    0.60069459459459E+01    0.65121898872005E+00
    0.61070450450450E+01    0.59956601581885E+00
    0.62071441441441E+01    0.54300100945586E+00
    0.63072432432432E+01    0.48183472608612E+00
    0.64073423423423E+01    0.41643265016322E+00
    0.65074414414414E+01    0.34721205822235E+00
    0.66075405405405E+01    0.27463855915139E+00
    0.67076396396396E+01    0.19922213195867E+00
    0.68077387387387E+01    0.12151268884794E+00
    0.69078378378378E+01    0.42095197524560E-01
    0.70079369369369E+01   -0.38415597659619E-01
    0.71080360360360E+01   -0.11938081090061E+00
    0.72081351351351E+01   -0.20014335694813E+00
    0.73082342342342E+01   -0.28003414623654E+00
    0.74083333333333E+01   -0.35837847587795E+00
    0.75084324324324E+01   -0.43450255629141E+00
    0.76085315315315E+01   -0.50774011091981E+00
    0.77086306306306E+01   -0.57743898482603E+00
    0.78087297297297E+01   -0.64296769697964E+00
    0.79088288288288E+01   -0.70372187075376E+00
    0.80089279279279E+01   -0.75913047755484E+00
    0.81090270270270E+01   -0.80866182960200E+00
    0.82091261261261E+01   -0.85182925964942E+00
    0.83092252252252E+01   -0.88819642788905E+00
    0.84093243243243E+01   -0.91738219935957E+00
    0.85094234234234E+01   -0.93906503889246E+00
    0.86095225225225E+01   -0.95298687491215E+00
    0.87096216216216E+01   -0.95895638823397E+00
    0.88097207207207E+01   -0.95685168732430E+00
    0.89098198198198E+01   -0.94662233724981E+00
    0.90099189189189E+01   -0.92829071569173E+00
    0.91100180180180E+01   -0.90195267587452E+00
    0.92101171171171E+01   -0.86777750299306E+00
    0.93102162162162E+01   -0.82600715765076E+00
    0.94103153153153E+01   -0.77695480687354E+00
    0.95104144144144E+01   -0.72100265036988E+00
    0.96105135135135E+01   -0.65859905679330E+00
    0.97106126126126E+01   -0.59025503175851E+00
    0.98107117117117E+01   -0.51654004619363E+00
    0.99108108108108E+01   -0.43807726020885E+00
    0.10010909909910E+02   -0.35553818395699E+00
    0.10111009009009E+02   -0.26963682288875E+00
    0.10211108108108E+02   -0.18112336030226E+00
    0.10311207207207E+02   -0.90777435093748E-01
    0.10411306306306E+02    0.59892291865620E-03
    0.10511405405405E+02    0.92188633852888E-01
    0.10611504504505E+02    0.18316711531850E+00
    0.10711603603604E+02    0.27270996461753E+00
    0.10811702702703E+02    0.36000070167167E+00
    0.10911801801802E+02    0.44423849761380E+00
    0.11011900900901E+02    0.52464581357995E+00
    0.11112000000000E+02    0.60047587458415E+00
    0.11212099099099E+02    0.67101990445502E+00
    0.11312198198198E+02    0.73561404965319E+00
    0.11412297297297E+02    0.79364592235802E+00
    0.11512396396396E+02    0.84456069648986E+00
    0.11612495495495E+02    0.88786669429079E+00
    0.11712594594595E+02    0.92314040568800E+00
    0.11812693693694E+02    0.95003088786602E+00
    0.11912792792793E+02    0.96826349822914E+00
    0.12012891891892E+02    0.97764292018921E+00
    0.12112990990991E+02    0.97805544790652E+00
    0.12213090090090E+02    0.96947050317854E+00
    0.12313189189189E+02    0.95194136504442E+00
    0.12413288288288E+02    0.92560510028077E+00
    0.12513387387387E+02    0.89068169073114E+00
    0.12613486486486E+02    0.84747236126207E+00
    0.12713585585586E+02    0.79635711999435E+00
    0.12813684684685E+02    0.73779153024139E+00
    0.12913783783784E+02    0.67230274121937E+00
    0.13013882882883E+02    0.60048481199953E+00
    0.13113981981982E+02    0.52299337027722E+00
    0.13214081081081E+02    0.44053965426208E+00
    0.13314180180180E+02    0.35388399228219E+00
    0.13414279279279E+02    0.26382878047500E+00
    0.13514378378378E+02    0.17121102415265E+00
    0.13614477477477E+02    0.76894513021761E-01
    0.13714576576577E+02   -0.18238295638903E-01
    0.13814675675676E+02   -0.11329460852712E+00
    0.13914774774775E+02   -0.20737976281184E+00
    0.14014873873874E+02   -0.29960574610191E+00
    0.14114972972973E+02   -0.38909968752064E+00
    0.14215072072072E+02   -0.47501223742851E+00
    0.14315171171171E+02   -0.55652575405757E+00
    0.14415270270270E+02   -0.63286221685027E+00
    0.14515369369369E+02   -0.70329078862038E+00
    0.14615468468468E+02   -0.76713495175431E+00
    0.14715567567568E+02   -0.82377914752085E+00
    0.14815666666667E+02   -0.87267485212033E+00
    0.14915765765766E+02   -0.91334602833841E+00
    0.15015864864865E+02   -0.94539389752646E+00
    0.15115963963964E+02   -0.96850098305345E+00
    0.15216063063063E+02   -0.98243438330344E+00
    0.15316162162162E+02   -0.98704823965976E+00
    0.15416261261261E+02   -0.98228537265296E+00
    0.15516360360360E+02   -0.96817806747727E+00
    0.15616459459459E+02   -0.94484799832319E+00
    0.15716558558559E+02   -0.91250528935002E+00
    0.15816657657658E+02   -0.87144671855061E+00
    0.15916756756757E+02   -0.82205307915692E+00
    0.16016855855856E+02   -0.76478572151755E+00
    0.16116954954955E+02   -0.70018230646404E+00
    0.16217054054054E+02   -0.62885180899129E+00
    0.16317153153153E+02   -0.55146881853128E+00
    0.16417252252252E+02   -0.46876718912306E+00
    0.16517351351351E+02   -0.38153309930499E+00
    0.16617450450450E+02   -0.29059758751230E+00
    0.16717549549550E+02   -0.19682863409275E+00
    0.16817648648649E+02   -0.10112286570055E+00
    0.16917747747748E+02   -0.43969617477839E-02
    0.17017846846847E+02    0.92421154260437E-01
    0.17117945945946E+02    0.18840125333679E+00
    0.17218045045045E+02    0.28261978288440E+00
    0.17318144144144E+02    0.37416880447972E+00
    0.17418243243243E+02    0.46216480040350E+00
    0.17518342342342E+02    0.54575726280275E+00
    0.17618441441441E+02    0.62413698126144E+00
    0.17718540540541E+02    0.69654394728448E+00
    0.17818639639640E+02    0.76227479773501E+00
    0.17918738738739E+02    0.82068972357484E+00
    0.18018837837838E+02    0.87121877530427E+00
    0.18118936936937E+02    0.91336750222958E+00
    0.18219036036036E+02    0.94672186905253E+00
    0.18319135135135E+02    0.97095240021281E+00
    0.18419234234234E+02    0.98581750985613E+00
    0.18519333333333E+02    0.99116598317483E+00
    0.18619432432432E+02    0.98693858309789E+00
    0.18719531531532E+02    0.97316876481339E+00
    0.18819630630631E+02    0.94998248930493E+00
    0.18919729729730E+02    0.91759713588936E+00
    0.19019828828829E+02    0.87631952256989E+00
    0.19119927927928E+02    0.82654305177915E+00
    0.19220027027027E+02    0.76874400769427E+00
    0.19320126126126E+02    0.70347703967595E+00
    0.19420225225225E+02    0.63136987443224E+00
    0.19520324324324E+02    0.55311730715497E+00
    0.19620423423423E+02    0.46947452904753E+00
    0.19720522522523E+02    0.38124985528291E+00
    0.19820621621622E+02    0.28929692343681E+00
    0.19920720720721E+02    0.19450643776923E+00
    0.20020819819820E+02    0.97797539326930E-01
    0.20120918918919E+02    0.10888566050613E-03
    0.20221018018018E+02   -0.97610473044486E-01
    0.20321117117117E+02   -0.19441033246642E+00
    0.20421216216216E+02   -0.28934859703297E+00
    0.20521315315315E+02   -0.38150047654930E+00
    0.20621414414414E+02   -0.46996752641391E+00
    0.20721513513514E+02   -0.55388644264568E+00
    0.20821612612613E+02   -0.63243752519872E+00
    0.20921711711712E+02   -0.70485272615100E+00
    0.21021810810811E+02   -0.77042320328868E+00
    0.21121909909910E+02   -0.82850630433286E+00
    0.21222009009009E+02   -0.87853191252466E+00
    0.21322108108108E+02   -0.92000809044529E+00
    0.21422207207207E+02   -0.95252596573995E+00
    0.21522306306306E+02   -0.97576380977398E+00
    0.21622405405405E+02   -0.98949026810221E+00
    0.21722504504505E+02   -0.99356670990417E+00
    0.21822603603604E+02   -0.98794867214598E+00
    0.21922702702703E+02   -0.97268638309075E+00
    0.22022801801802E+02   -0.94792435880584E+00
    0.22122900900901E+02   -0.91390007541904E+00
    0.22223000000000E+02   -0.87094172896611E+00
    0.22323099099099E+02   -0.81946510366060E+00
    0.22423198198198E+02   -0.75996957821299E+00
    0.22523297297297E+02   -0.69303330834462E+00
    0.22623396396396E+02   -0.61930763179647E+00
    0.22723495495495E+02   -0.53951074984393E+00
    0.22823594594595E+02   -0.45442074651779E+00
    0.22923693693694E+02   -0.36486801332940E+00
    0.23023792792793E+02   -0.27172715323534E+00
    0.23123891891892E+02   -0.17590844279700E+00
    0.23223990990991E+02   -0.78348935939191E-01
    0.23324090090090E+02    0.19996703655740E-01
    0.23424189189189E+02    0.11816555170253E+00
    0.23524288288288E+02    0.21519586230235E+00
    0.23624387387387E+02    0.31013650405805E+00
    0.23724486486486E+02    0.40205630052279E+00
    0.23824585585586E+02    0.49005318302236E+00
    0.23924684684685E+02    0.57326306563096E+00
    0.24024783783784E+02    0.65086835471341E+00
    0.24124882882883E+02    0.72210600894552E+00
    0.24224981981982E+02    0.78627507005824E+00
    0.24325081081081E+02    0.84274358967676E+00
    0.24425180180180E+02    0.89095488349364E+00
    0.24525279279279E+02    0.93043305056907E+00
    0.24625378378378E+02    0.96078770272617E+00
    0.24725477477477E+02    0.98171785673655E+00
    0.24825576576577E+02    0.99301495019343E+00
    0.24925675675676E+02    0.99456495056805E+00
    0.25025774774775E+02    0.98634953585358E+00
    0.25125873873874E+02    0.96844633433300E+00
    0.25225972972973E+02    0.94102822027237E+00
    0.25326072072072E+02    0.90436167164810E+00
    0.25426171171171E+02    0.85880420527328E+00
    0.25526270270270E+02    0.80480091380329E+00
    0.25626369369369E+02    0.74288013798360E+00
    0.25726468468468E+02    0.67364831606552E+00
    0.25826567567568E+02    0.59778406047314E+00
    0.25926666666667E+02    0.51603151947591E+00
    0.26026765765766E+02    0.42919308872980E+00
    0.26126864864865E+02    0.33812154402522E+00
    0.26226963963964E+02    0.24371167235593E+00
    0.26327063063063E+02    0.14689148344407E+00
    0.26427162162162E+02    0.48613088070007E-01
    0.26527261261261E+02   -0.50156667079881E-01
    0.26627360360360E+02   -0.14844571585298E+00
    0.26727459459459E+02   -0.24528634659082E+00
    0.26827558558559E+02   -0.33972473919642E+00
    0.26927657657658E+02   -0.43083037117950E+00
    0.27027756756757E+02   -0.51770519976794E+00
    0.27127855855856E+02   -0.59949252930806E+00
    0.27227954954955E+02   -0.67538547621297E+00
    0.27328054054054E+02   -0.74463494762217E+00
    0.27428153153153E+02   -0.80655705467426E+00
    0.27528252252252E+02   -0.86053988681763E+00
    0.27628351351351E+02   -0.90604957984072E+00
    0.27728450450450E+02   -0.94263561723087E+00
    0.27828549549550E+02   -0.96993531200028E+00
    0.27928648648649E+02   -0.98767742417823E+00
    0.28028747747748E+02   -0.99568487767701E+00
    0.28128846846847E+02   -0.99387654911494E+00
    0.28228945945946E+02   -0.98226811033315E+00
    0.28329045045045E+02   -0.96097191568455E+00
    0.28429144144144E+02   -0.93019593461086E+00
    0.28529243243243E+02   -0.89024173946326E+00
    0.28629342342342E+02   -0.84150156787053E+00
    0.28729441441441E+02   -0.78445448812344E+00
    0.28829540540541E+02   -0.71966170493412E+00
    0.28929639639640E+02   -0.64776105145600E+00
    0.29029738738739E+02   -0.56946072152890E+00
    0.29129837837838E+02   -0.48553230366546E+00
    0.29229936936937E+02   -0.39680318524187E+00
    0.29330036036036E+02   -0.30414840163172E+00
    0.29430135135135E+02   -0.20848201056075E+00
    0.29530234234234E+02   -0.11074807670924E+00
    0.29630333333333E+02   -0.11911355499078E-01
    0.29730432432432E+02    0.87052231965026E-01
    0.29830531531532E+02    0.18516523870684E+00
    0.29930630630631E+02    0.28145835115603E+00
    0.30030729729730E+02    0.37497997235387E+00
    0.30130828828829E+02    0.46480563424539E+00
    0.30230927927928E+02    0.55004714585057E+00
    0.30331027027027E+02    0.62986138666782E+00
    0.30431126126126E+02    0.70345865811991E+00
    0.30531225225225E+02    0.77011051017971E+00
    0.30631324324324E+02    0.82915696545986E+00
    0.30731423423423E+02    0.88001306897311E+00
    0.30831522522523E+02    0.92217469840673E+00
    0.30931621621622E+02    0.95522357704059E+00
    0.31031720720721E+02    0.97883143930315E+00
    0.31131819819820E+02    0.99276330732431E+00
    0.31231918918919E+02    0.99687984562653E+00
    0.31332018018018E+02    0.99113877020867E+00
    0.31432117117117E+02    0.97559529763177E+00
    0.31532216216216E+02    0.95040162921766E+00
    0.31632315315315E+02    0.91580547502796E+00
    0.31732414414414E+02    0.87214763180649E+00
    0.31832513513514E+02    0.81985863844863E+00
    0.31932612612613E+02    0.75945454171332E+00
    0.32032711711712E+02    0.69153181372647E+00
    0.32132810810811E+02    0.61676147125086E+00
    0.32232909909910E+02    0.53588245463238E+00
    0.32333009009009E+02    0.44969433169843E+00
    0.32433108108108E+02    0.35904939860630E+00
    0.32533207207207E+02    0.26484425565108E+00
    0.32633306306306E+02    0.16801094128487E+00
    0.32733405405405E+02    0.69507712016477E-01
    0.32833504504505E+02   -0.29690440585649E-01
    0.32933603603604E+02   -0.12860144191803E+00
    0.33033702702703E+02   -0.22624585980428E+00
    0.33133801801802E+02   -0.32165660703367E+00
    0.33233900900901E+02   -0.41388852479875E+00
    0.33334000000000E+02   -0.50202775199267E+00
    0.33434099099099E+02   -0.58520078740674E+00
    0.33534198198198E+02   -0.66258315487557E+00
    0.33634297297297E+02   -0.73340758531256E+00
    0.33734396396396E+02   -0.79697163433553E+00
    0.33834495495495E+02   -0.85264465974249E+00
    0.33934594594595E+02   -0.89987408941722E+00
    0.34034693693694E+02   -0.93819091725150E+00
    0.34134792792793E+02   -0.96721437230340E+00
    0.34234891891892E+02   -0.98665571458985E+00
    0.34334990990991E+02   -0.99632111955650E+00
    0.34435090090090E+02   -0.99611362229399E+00
    0.34535189189189E+02   -0.98603410188642E+00
    0.34635288288288E+02   -0.96618129579405E+00
    0.34735387387387E+02   -0.93675084379251E+00
    0.34835486486486E+02   -0.89803337061995E+00
    0.34935585585586E+02   -0.85041162602670E+00
    0.35035684684685E+02   -0.79435671028324E+00
    0.35135783783784E+02   -0.73042342228873E+00
    0.35235882882883E+02   -0.65924477614525E+00
    0.35335981981982E+02   -0.58152574033235E+00
    0.35436081081081E+02   -0.49803626135322E+00
    0.35536180180180E+02   -0.40960364084956E+00
    0.35636279279279E+02   -0.31710434162449E+00
    0.35736378378378E+02   -0.22145530370998E+00
    0.35836477477477E+02   -0.12360485650902E+00
    0.35936576576577E+02   -0.24523317082728E-01
    0.36036675675676E+02    0.74806632198750E-01
    0.36136774774775E+02    0.17339969119870E+00
    0.36236873873874E+02    0.27027771803125E+00
    0.36336972972973E+02    0.36447943651797E+00
    0.36437072072072E+02    0.45506997869636E+00
    0.36537171171171E+02    0.54115016759609E+00
    0.36637270270270E+02    0.62186544804770E+00
    0.36737369369369E+02    0.69641437675171E+00
    0.36837468468468E+02    0.76405658718334E+00
    0.36937567567568E+02    0.82412015009686E+00
    0.37037666666667E+02    0.87600825636887E+00
    0.37137765765766E+02    0.91920515562818E+00
    0.37237864864865E+02    0.95328129148926E+00
    0.37337963963964E+02    0.97789758216846E+00
    0.37438063063063E+02    0.99280880373455E+00
    0.37538162162162E+02    0.99786604214628E+00
    0.37638261261261E+02    0.99301818946976E+00
    0.37738360360360E+02    0.97831246915672E+00
    0.37838459459459E+02    0.95389398490625E+00
    0.37938558558559E+02    0.92000429733175E+00
    0.38038657657658E+02    0.87697904231608E+00
    0.38138756756757E+02    0.82524461446330E+00
    0.38238855855856E+02    0.76531394835274E+00
    0.38338954954955E+02    0.69778143927502E+00
    0.38439054054054E+02    0.62331705369380E+00
    0.38539153153153E+02    0.54265968774305E+00
    0.38639252252252E+02    0.45660983956041E+00
    0.38739351351351E+02    0.36602166809427E+00
    0.38839450450450E+02    0.27179451714160E+00
    0.38939549549550E+02    0.17486398870999E+00
    0.39039648648649E+02    0.76192654301158E-01
    0.39139747747748E+02   -0.23239503663528E-01
    0.39239846846847E+02   -0.12244482534725E+00
    0.39339945945946E+02   -0.22043778523804E+00
    0.39440045045045E+02   -0.31624478462711E+00
    0.39540144144144E+02   -0.40891382749366E+00
    0.39640243243243E+02   -0.49752398359510E+00
    0.39740342342342E+02   -0.58119454465403E+00
    0.39840441441441E+02   -0.65909378255745E+00
    0.39940540540541E+02   -0.73044722241762E+00
    0.40040639639640E+02   -0.79454534814470E+00
    0.40140738738739E+02   -0.85075066380141E+00
    0.40240837837838E+02   -0.89850404039713E+00
    0.40340936936937E+02   -0.93733028486492E+00
    0.40441036036036E+02   -0.96684287568347E+00
    0.40541135135135E+02   -0.98674781787944E+00
    0.40641234234234E+02   -0.99684657889026E+00
    0.40741333333333E+02   -0.99703807589905E+00
    0.40841432432432E+02   -0.98731969467849E+00
    0.40941531531532E+02   -0.96778732960783E+00
    0.41041630630631E+02   -0.93863444425970E+00
    0.41141729729730E+02   -0.90015016169403E+00
    0.41241828828829E+02   -0.85271640324968E+00
    0.41341927927928E+02   -0.79680410409254E+00
    0.41442027027027E+02   -0.73296854296877E+00
    0.41542126126126E+02   -0.66184383243197E+00
    0.41642225225225E+02   -0.58413662417393E+00
    0.41742324324324E+02   -0.50061909191001E+00
    0.41842423423423E+02   -0.41212126147076E+00
    0.41942522522523E+02   -0.31952276426096E+00
    0.42042621621622E+02   -0.22374409600236E+00
    0.42142720720721E+02   -0.12573746761395E+00
    0.42242819819820E+02   -0.26477339164688E-01
    0.42342918918919E+02    0.73049268997870E-01
    0.42443018018018E+02    0.17185259159697E+00
    0.42543117117117E+02    0.26894996263334E+00
    0.42643216216216E+02    0.36337559051582E+00
    0.42743315315315E+02    0.45419016685222E+00
    0.42843414414414E+02    0.54049021326888E+00
    0.42943513513514E+02    0.62141707321496E+00
    0.43043612612613E+02    0.69616545922068E+00
    0.43143711711712E+02    0.76399147048285E+00
    0.43243810810811E+02    0.82422000090579E+00
    0.43343909909910E+02    0.87625146377403E+00
    0.43444009009009E+02    0.91956776602001E+00
    0.43544108108108E+02    0.95373747250367E+00
    0.43644207207207E+02    0.97842010877120E+00
    0.43744306306306E+02    0.99336955932359E+00
    0.43844405405405E+02    0.99843652742014E+00
    0.43944504504505E+02    0.99357003177570E+00
    0.44044603603604E+02    0.97881792509235E+00
    0.44144702702703E+02    0.95432642909938E+00
    0.44244801801802E+02    0.92033869056454E+00
    0.44344900900901E+02    0.87719237248537E+00
    0.44445000000000E+02    0.82531630427705E+00
    0.44545099099099E+02    0.76522622414518E+00
    0.44645198198198E+02    0.69751965587464E+00
    0.44745297297297E+02    0.62286997089189E+00
    0.44845396396396E+02    0.54201969457843E+00
    0.44945495495495E+02    0.45577312334624E+00
    0.45045594594595E+02    0.36498832586363E+00
    0.45145693693694E+02    0.27056860796144E+00
    0.45245792792793E+02    0.17345352610633E+00
    0.45345891891892E+02    0.74609538836323E-01
    0.45445990990991E+02   -0.24979610824369E-01
    0.45546090090090E+02   -0.12432268625934E+00
    0.45646189189189E+02   -0.22243082400876E+00
    0.45746288288288E+02   -0.31832737814565E+00
    0.45846387387387E+02   -0.41105764425791E+00
    0.45946486486486E+02   -0.49969836619750E+00
    0.46046585585586E+02   -0.58336693090316E+00
    0.46146684684685E+02   -0.66123015969392E+00
    0.46246783783784E+02   -0.73251260843353E+00
    0.46346882882883E+02   -0.79650429384232E+00
    0.46446981981982E+02   -0.85256776893336E+00
    0.46547081081081E+02   -0.90014447702069E+00
    0.46647180180180E+02   -0.93876032091853E+00
    0.46747279279279E+02   -0.96803039175876E+00
    0.46847378378378E+02   -0.98766281021302E+00
    0.46947477477477E+02   -0.99746164173958E+00
    0.47047576576577E+02   -0.99732885669165E+00
    0.47147675675676E+02   -0.98726531563288E+00
    0.47247774774775E+02   -0.96737076991200E+00
    0.47347873873874E+02   -0.93784287735625E+00
    0.47447972972973E+02   -0.89897524275314E+00
    0.47548072072072E+02   -0.85115450250690E+00
    0.47648171171171E+02   -0.79485648237929E+00
    0.47748270270270E+02   -0.73064146646339E+00
    0.47848369369369E+02   -0.65914862439853E+00
    0.47948468468468E+02   -0.58108965222729E+00
    0.48048567567568E+02   -0.49724169013712E+00
    0.48148666666667E+02   -0.40843958754452E+00
    0.48248765765766E+02   -0.31556759248993E+00
    0.48348864864865E+02   -0.21955054806164E+00
    0.48448963963964E+02   -0.12134468348705E+00
    0.48549063063063E+02   -0.21928091584236E-01
    0.48649162162162E+02    0.77709012596306E-01
    0.48749261261261E+02    0.17657415491640E+00
    0.48849360360360E+02    0.27368248882953E+00
    0.48949459459459E+02    0.36806660709531E+00
    0.49049558558559E+02    0.45878618076100E+00
    0.49149657657658E+02    0.54493732935108E+00
    0.49249756756757E+02    0.62566162886927E+00
    0.49349855855856E+02    0.70015466781468E+00
    0.49449954954955E+02    0.76767406590316E+00
    0.49550054054054E+02    0.82754687553023E+00
    0.49650153153153E+02    0.87917629214884E+00
    0.49750252252252E+02    0.92204760661468E+00
    0.49850351351351E+02    0.95573334009526E+00
    0.49950450450450E+02    0.97989751027820E+00
    0.50050549549550E+02    0.99429898626379E+00
    0.50150648648649E+02    0.99879389860449E+00
    0.50250747747748E+02    0.99333708036533E+00
    0.50350846846847E+02    0.97798252473379E+00
    0.50450945945946E+02    0.95288285450734E+00
    0.50551045045045E+02    0.91828780863419E+00
    0.50651144144144E+02    0.87454176078166E+00
    0.50751243243243E+02    0.82208029455445E+00
    0.50851342342342E+02    0.76142586939294E+00
    0.50951441441441E+02    0.69318262024815E+00
    0.51051540540541E+02    0.61803034277009E+00
    0.51151639639640E+02    0.53671772387156E+00
    0.51251738738739E+02    0.45005488505865E+00
    0.51351837837838E+02    0.35890531277797E+00
    0.51451936936937E+02    0.26417725615122E+00
    0.51552036036036E+02    0.16681467778450E+00
    0.51652135135135E+02    0.67787847808768E-01
    0.51752234234234E+02   -0.31916325127452E-01
    0.51852333333333E+02   -0.13130412955735E+00
    0.51952432432432E+02   -0.22938495555712E+00
    0.52052531531532E+02   -0.32518116904493E+00
    0.52152630630631E+02   -0.41773785757881E+00
    0.52252729729730E+02   -0.50613235048688E+00
    0.52352828828829E+02   -0.58948341839918E+00
    0.52452927927928E+02   -0.66696006043745E+00
    0.52553027027027E+02   -0.73778979141817E+00
    0.52653126126126E+02   -0.80126634639979E+00
    0.52753225225225E+02   -0.85675672570487E+00
    0.52853324324324E+02   -0.90370751011429E+00
    0.52953423423423E+02   -0.94165038319930E+00
    0.53053522522523E+02   -0.97020680565644E+00
    0.53153621621622E+02   -0.98909179495854E+00
    0.53253720720721E+02   -0.99811677255054E+00
    0.53353819819820E+02   -0.99719145011326E+00
    0.53453918918919E+02   -0.98632473599577E+00
    0.53554018018018E+02   -0.96562465268588E+00
    0.53654117117117E+02   -0.93529726604850E+00
    0.53754216216216E+02   -0.89564463691615E+00
    0.53854315315315E+02   -0.84706181536578E+00
    0.53954414414414E+02   -0.79003290756520E+00
    0.54054513513514E+02   -0.72512625432281E+00
    0.54154612612613E+02   -0.65298876933855E+00
    0.54254711711712E+02   -0.57433949353695E+00
    0.54354810810811E+02   -0.48996242968850E+00
    0.54454909909910E+02   -0.40069872870815E+00
    0.54555009009009E+02   -0.30743830549432E+00
    0.54655108108108E+02   -0.21111096786735E+00
    0.54755207207207E+02   -0.11267714703308E+00
    0.54855306306306E+02   -0.13118321976353E-01
    0.54955405405405E+02    0.86572766742192E-01
    0.55055504504505E+02    0.18540201621128E+00
    0.55155603603604E+02    0.28238387469499E+00
    0.55255702702703E+02    0.37655117059490E+00
    0.55355801801802E+02    0.46696475880960E+00
    0.55455900900901E+02    0.55272288826911E+00
    0.55556000000000E+02    0.63297019719274E+00
    0.55656099099099E+02    0.70690624632032E+00
    0.55756198198198E+02    0.77379350496939E+00
    0.55856297297297E+02    0.83296471021927E+00
    0.55956396396396E+02    0.88382952576742E+00
    0.56056495495495E+02    0.92588043398360E+00
    0.56156594594595E+02    0.95869780232808E+00
    0.56256693693694E+02    0.98195407353167E+00
    0.56356792792793E+02    0.99541703767055E+00
    0.56456891891892E+02    0.99895215342306E+00
    0.56556990990991E+02    0.99252389527774E+00
    0.56657090090090E+02    0.97619611317639E+00
    0.56757189189189E+02    0.95013140092589E+00
    0.56857288288288E+02    0.91458947960085E+00
    0.56957387387387E+02    0.86992461198551E+00
    0.57057486486486E+02    0.81658207377229E+00
    0.57157585585586E+02    0.75509371664450E+00
    0.57257684684685E+02    0.68607266743618E+00
    0.57357783783784E+02    0.61020721618195E+00
    0.57457882882883E+02    0.52825395396931E+00
    0.57557981981982E+02    0.44103022899291E+00
    0.57658081081081E+02    0.34940599601995E+00
    0.57758180180180E+02    0.25429514053537E+00
    0.57858279279279E+02    0.15664636408023E+00
    0.57958378378378E+02    0.57433721685789E-01
    0.58058477477477E+02   -0.42353094217197E-01
    0.58158576576577E+02   -0.14171862649640E+00
    0.58258675675676E+02   -0.23967158413501E+00
    0.58358774774775E+02   -0.33523473209072E+00
    0.58458873873874E+02   -0.42745464152087E+00
    0.58558972972973E+02   -0.51541120308165E+00
    0.58659072072072E+02   -0.59822680836698E+00
    0.58759171171171E+02   -0.67507510785369E+00
    0.58859270270270E+02   -0.74518925793868E+00
    0.58959369369369E+02   -0.80786957474637E+00
    0.59059468468468E+02   -0.86249051829352E+00
    0.59159567567568E+02   -0.90850693727769E+00
    0.59259666666667E+02   -0.94545951212597E+00
    0.59359765765766E+02   -0.97297934193600E+00
    0.59459864864865E+02   -0.99079162948072E+00
    0.59559963963964E+02   -0.99871842744333E+00
    0.59660063063063E+02   -0.99668041841538E+00
    0.59760162162162E+02   -0.98469771082977E+00
    0.59860261261261E+02   -0.96288964281970E+00
    0.59960360360360E+02   -0.93147359589398E+00
    0.60060459459459E+02   -0.89076283020013E+00
    0.60160558558559E+02   -0.84116336291289E+00
    0.60260657657658E+02   -0.78316992083481E+00
    0.60360756756757E+02   -0.71736100753836E+00
    0.60460855855856E+02   -0.64439313421845E+00
    0.60560954954955E+02   -0.56499427177352E+00
    0.60661054054054E+02   -0.47995658940994E+00
    0.60761153153153E+02   -0.39012855219077E+00
    0.60861252252252E+02   -0.29640645635216E+00
    0.60961351351351E+02   -0.19972548682762E+00
    0.61061450450450E+02   -0.10105038619648E+00
    0.61161549549550E+02   -0.13658281560910E-02
    0.61261648648649E+02    0.98333408425294E-01
    0.61361747747748E+02    0.19705236682251E+00
    0.61461846846847E+02    0.29380584206167E+00
    0.61561945945946E+02    0.38762821371888E+00
    0.61662045045045E+02    0.47758308376864E+00
    0.61762144144144E+02    0.56277262327536E+00
    0.61862243243243E+02    0.64234653462289E+00
    0.61962342342342E+02    0.71551053980906E+00
    0.62062441441441E+02    0.78153431005245E+00
    0.62162540540541E+02    0.83975875753305E+00
    0.62262639639640E+02    0.88960261644764E+00
    0.62362738738739E+02    0.93056824765049E+00
    0.62462837837838E+02    0.96224660889325E+00
    0.62562936936937E+02    0.98432134100635E+00
    0.62663036036036E+02    0.99657192918135E+00
    0.62763135135135E+02    0.99887590774607E+00
    0.62863234234234E+02    0.99121008636863E+00
    0.62963333333333E+02    0.97365078539365E+00
    0.63063432432432E+02    0.94637307790421E+00
    0.63163531531532E+02    0.90964904601805E+00
    0.63263630630631E+02    0.86384506876661E+00
    0.63363729729730E+02    0.80941816857579E+00
    0.63463828828829E+02    0.74691145276424E+00
    0.63563927927928E+02    0.67694869551303E+00
    0.63664027027027E+02    0.60022811434362E+00
    0.63764126126126E+02    0.51751540318650E+00
    0.63864225225225E+02    0.42963609154535E+00
    0.63964324324324E+02    0.33746730599835E+00
    0.64064423423423E+02    0.24192901624518E+00
    0.64164522522523E+02    0.14397485306211E+00
    0.64264621621622E+02    0.44582589805972E-01
    0.64364720720721E+02   -0.55255617527410E-01
    0.64464819819820E+02   -0.15454313426773E+00
    0.64564918918919E+02   -0.25228879619248E+00
    0.64665018018018E+02   -0.34751680448397E+00
    0.64765117117117E+02   -0.43927646772997E+00
    0.64865216216216E+02   -0.52665169370533E+00
    0.64965315315315E+02   -0.60877013615417E+00
    0.65065414414414E+02   -0.68481190523865E+00
    0.65165513513514E+02   -0.75401775466813E+00
    0.65265612612613E+02   -0.81569666374131E+00
    0.65365711711712E+02   -0.86923273857206E+00
    0.65465810810811E+02   -0.91409136356118E+00
    0.65565909909910E+02   -0.94982454165893E+00
    0.65666009009009E+02   -0.97607537005881E+00
    0.65766108108108E+02   -0.99258160659101E+00
    0.65866207207207E+02   -0.99917829116188E+00
    0.65966306306306E+02   -0.99579939601798E+00
    0.66066405405405E+02   -0.98247848830846E+00
    0.66166504504505E+02   -0.95934839828087E+00
    0.66266603603604E+02   -0.92663989637384E+00
    0.66366702702703E+02   -0.88467939236595E+00
    0.66466801801802E+02   -0.83388567950618E+00
    0.66566900900901E+02   -0.77476575608823E+00
    0.66667000000000E+02   -0.70790976614521E+00
    0.66767099099099E+02   -0.63398510973904E+00
    0.66867198198198E+02   -0.55372978161264E+00
    0.66967297297297E+02   -0.46794500468493E+00
    0.67067396396396E+02   -0.37748723190892E+00
    0.67167495495496E+02   -0.28325959632743E+00
    0.67267594594595E+02   -0.18620289467661E+00
    0.67367693693694E+02   -0.87286194546469E-01
    0.67467792792793E+02    0.12502841126131E-01
    0.67567891891892E+02    0.11216781562727E+00
    0.67667990990991E+02    0.21071354763428E+00
    0.67768090090090E+02    0.30715600863519E+00
    0.67868189189189E+02    0.40053214936523E+00
    0.67968288288288E+02    0.48990951712749E+00
    0.68068387387387E+02    0.57439556795208E+00
    0.68168486486486E+02    0.65314658058396E+00
    0.68268585585586E+02    0.72537608326755E+00
    0.68368684684685E+02    0.79036270915284E+00
    0.68468783783784E+02    0.84745740184975E+00
    0.68568882882883E+02    0.89608989914549E+00
    0.68668981981982E+02    0.93577443010157E+00
    0.68769081081081E+02    0.96611456860222E+00
    0.68869180180180E+02    0.98680719484538E+00
    0.68969279279279E+02    0.99764552517502E+00
    0.69069378378378E+02    0.99852117995542E+00
    0.69169477477477E+02    0.98942526879352E+00
    0.69269576576577E+02    0.97044848222857E+00
    0.69369675675676E+02    0.94178018893003E+00
    0.69469774774775E+02    0.90370654737691E+00
    0.69569873873874E+02    0.85660765083497E+00
    0.69669972972973E+02    0.80095373410360E+00
    0.69770072072072E+02    0.73730047987635E+00
    0.69870171171171E+02    0.66628347155411E+00
    0.69970270270270E+02    0.58861184787592E+00
    0.70070369369369E+02    0.50506122270712E+00
    0.70170468468468E+02    0.41646594066999E+00
    0.70270567567568E+02    0.32371074593300E+00
    0.70370666666667E+02    0.22772194734661E+00
    0.70470765765766E+02    0.12945816814210E+00
    0.70570864864865E+02    0.29900772568817E-01
    0.70670963963964E+02   -0.69955934928708E-01
    0.70771063063063E+02   -0.16911464011260E+00
    0.70871162162162E+02   -0.26658497975247E+00
    0.70971261261261E+02   -0.36139343333785E+00
    0.71071360360360E+02   -0.45259304690170E+00
    0.71171459459459E+02   -0.53927289182180E+00
    0.71271558558559E+02   -0.62056716411655E+00
    0.71371657657658E+02   -0.69566383333148E+00
    0.71471756756757E+02   -0.76381275461142E+00
    0.71571855855856E+02   -0.82433316291058E+00
    0.71671954954955E+02   -0.87662047446003E+00
    0.71772054054054E+02   -0.92015232752803E+00
    0.71872153153153E+02   -0.95449380210620E+00
    0.71972252252252E+02   -0.97930176634996E+00
    0.72072351351351E+02   -0.99432830632519E+00
    0.72172450450450E+02   -0.99942320476600E+00
    0.72272549549550E+02   -0.99453544404754E+00
    0.72372648648649E+02   -0.97971371832278E+00
    0.72472747747748E+02   -0.95510594967024E+00
    0.72572846846847E+02   -0.92095781304776E+00
    0.72672945945946E+02   -0.87761028474905E+00
    0.72773045045045E+02   -0.82549623881550E+00
    0.72873144144144E+02   -0.76513612536614E+00
    0.72973243243243E+02   -0.69713277398236E+00
    0.73073342342342E+02   -0.62216537402492E+00
    0.73173441441441E+02   -0.54098269198643E+00
    0.73273540540541E+02   -0.45439559360552E+00
    0.73373639639640E+02   -0.36326894541827E+00
    0.73473738738739E+02   -0.26851297662280E+00
    0.73573837837838E+02   -0.17107418753157E+00
    0.73673936936937E+02   -0.71925895414413E-01
    0.73774036036036E+02    0.27941487835377E-01
    0.73874135135135E+02    0.12753034909622E+00
    0.73974234234234E+02    0.22584583964929E+00
    0.74074333333333E+02    0.32190581349054E+00
    0.74174432432432E+02    0.41475063903827E+00
    0.74274531531532E+02    0.50345278621601E+00
    0.74374630630631E+02    0.58712609312239E+00
    0.74474729729730E+02    0.66493461970444E+00
    0.74574828828829E+02    0.73610099996922E+00
    0.74674927927928E+02    0.79991420927433E+00
    0.74775027027027E+02    0.85573666908014E+00
    0.74875126126126E+02    0.90301061816191E+00
    0.74975225225225E+02    0.94126368660506E+00
    0.75075324324324E+02    0.97011361686824E+00
    0.75175423423423E+02    0.98927208472125E+00
    0.75275522522523E+02    0.99854758185185E+00
    0.75375621621622E+02    0.99784733131113E+00
    0.75475720720721E+02    0.98717821662829E+00
    0.75575819819820E+02    0.96664671527873E+00
    0.75675918918919E+02    0.93645783713708E+00
    0.75776018018018E+02    0.89691307848749E+00
    0.75876117117117E+02    0.84840741199972E+00
    0.75976216216216E+02    0.79142534271281E+00
    0.76076315315315E+02    0.72653606939857E+00
    0.76176414414414E+02    0.65438779962156E+00
    0.76276513513514E+02    0.57570127526364E+00
    0.76376612612613E+02    0.49126257317669E+00
    0.76476711711712E+02    0.40191525287186E+00
    0.76576810810811E+02    0.30855192967466E+00
    0.76676909909910E+02    0.21210535752693E+00
    0.76777009009009E+02    0.11353911051384E+00
    0.76877108108108E+02    0.13837956207277E-01
    0.76977207207207E+02   -0.86001982999020E-01
    0.77077306306306E+02   -0.18498318226516E+00
    0.77177405405405E+02   -0.28211668095586E+00
    0.77277504504505E+02   -0.37643196398352E+00
    0.77377603603604E+02   -0.46698665910845E+00
    0.77477702702703E+02   -0.55287595329974E+00
    0.77577801801802E+02   -0.63324163405890E+00
    0.77677900900901E+02   -0.70728066535708E+00
    0.77778000000000E+02   -0.77425321248093E+00
    0.77878099099099E+02   -0.83349003558672E+00
    0.77978198198198E+02   -0.88439917806555E+00
    0.78078297297297E+02   -0.92647188287039E+00
    0.78178396396396E+02   -0.95928767766212E+00
    0.78278495495496E+02   -0.98251857793975E+00
    0.78378594594595E+02   -0.99593236612895E+00
    0.78478693693694E+02   -0.99939491383579E+00
    0.78578792792793E+02   -0.99287152403270E+00
    0.78678891891892E+02   -0.97642727973531E+00
    0.78778990990991E+02   -0.95022639565714E+00
    0.78879090090090E+02   -0.91453057929051E+00
    0.78979189189189E+02   -0.86969641776212E+00
    0.79079288288288E+02   -0.81617181654569E+00
    0.79179387387387E+02   -0.75449152559149E+00
    0.79279486486486E+02   -0.68527179754999E+00
    0.79379585585586E+02   -0.60920423144598E+00
    0.79479684684685E+02   -0.52704886329416E+00
    0.79579783783784E+02   -0.43962657268202E+00
    0.79679882882883E+02   -0.34781088117819E+00
    0.79779981981982E+02   -0.25251922450415E+00
    0.79880081081081E+02   -0.15470378567671E+00
    0.79980180180180E+02   -0.55341980704066E-01
    0.80080279279279E+02    0.44573308089239E-01
    0.80180378378378E+02    0.14404365352390E+00
    0.80280477477477E+02    0.24207506066709E+00
    0.80380576576577E+02    0.33768789987786E+00
    0.80480675675676E+02    0.42992669652533E+00
    0.80580774774775E+02    0.51786967955436E+00
    0.80680873873874E+02    0.60063799346125E+00
    0.80780972972973E+02    0.67740448161969E+00
    0.80881072072072E+02    0.74740195316556E+00
    0.80981171171171E+02    0.80993085081475E+00
    0.81081270270270E+02    0.86436624296775E+00
    0.81181369369369E+02    0.91016407020981E+00
    0.81281468468468E+02    0.94686658375980E+00
    0.81381567567568E+02    0.97410692149663E+00
    0.81481666666667E+02    0.99161277581061E+00
    0.81581765765766E+02    0.99920911659852E+00
    0.81681864864865E+02    0.99681994216521E+00
    0.81781963963964E+02    0.98446904050780E+00
    0.81882063063063E+02    0.96227975334795E+00
    0.81982162162162E+02    0.93047374524462E+00
    0.82082261261261E+02    0.88936879006169E+00
    0.82182360360360E+02    0.83937559688725E+00
    0.82282459459459E+02    0.78099370710143E+00
    0.82382558558559E+02    0.71480650357219E+00
    0.82482657657658E+02    0.64147538183495E+00
    0.82582756756757E+02    0.56173314148939E+00
    0.82682855855856E+02    0.47637666383742E+00
    0.82782954954955E+02    0.38625894892897E+00
    0.82883054054054E+02    0.29228059157915E+00
    0.82983153153153E+02    0.19538078153564E+00
    0.83083252252252E+02    0.96527917729036E-01
    0.83183351351351E+02   -0.32900695964393E-02
    0.83283450450450E+02   -0.10307559215885E+00
    0.83383549549550E+02   -0.20183137364410E+00
    0.83483648648649E+02   -0.29857041680251E+00
    0.83583747747748E+02   -0.39232586801881E+00
    0.83683846846847E+02   -0.48216068076071E+00
    0.83783945945946E+02   -0.56717698131960E+00
    0.83884045045045E+02   -0.64652504323048E+00
    0.83984144144144E+02   -0.71941178066298E+00
    0.84084243243243E+02   -0.78510867588450E+00
    0.84184342342342E+02   -0.84295906154828E+00
    0.84284441441441E+02   -0.89238468500640E+00
    0.84384540540541E+02   -0.93289148902108E+00
    0.84484639639640E+02   -0.96407455107799E+00
    0.84584738738739E+02   -0.98562213191386E+00
    0.84684837837838E+02   -0.99731879277184E+00
    0.84784936936937E+02   -0.99904755020617E+00
    0.84885036036036E+02   -0.99079104687569E+00
    0.84985135135135E+02   -0.97263172660078E+00
    0.85085234234234E+02   -0.94475101191093E+00
    0.85185333333333E+02   -0.90742749227928E+00
    0.85285432432432E+02   -0.86103414113040E+00
    0.85385531531532E+02   -0.80603458941550E+00
    0.85485630630631E+02   -0.74297849297821E+00
    0.85585729729730E+02   -0.67249603999672E+00
    0.85685828828829E+02   -0.59529165337873E+00
    0.85785927927928E+02   -0.51213695104165E+00
    0.85886027027027E+02   -0.42386303442160E+00
    0.85986126126126E+02   -0.33135218227845E+00
    0.86086225225225E+02   -0.23552903280562E+00
    0.86186324324324E+02   -0.13735134217302E+00
    0.86286423423423E+02   -0.37800411866636E-01
    0.86386522522523E+02    0.62128719498768E-01
    0.86486621621622E+02    0.16143722186060E+00
    0.86586720720721E+02    0.25913245747177E+00
    0.86686819819820E+02    0.35423790295478E+00
    0.86786918918919E+02    0.44580291046542E+00
    0.86887018018018E+02    0.53291221039320E+00
    0.86987117117117E+02    0.61469506060612E+00
    0.87087216216216E+02    0.69033395077713E+00
    0.87187315315315E+02    0.75907277477751E+00
    0.87287414414414E+02    0.82022438943191E+00
    0.87387513513514E+02    0.87317748406778E+00
    0.87487612612613E+02    0.91740269217591E+00
    0.87587711711712E+02    0.95245788407257E+00
    0.87687810810811E+02    0.97799258764117E+00
    0.87787909909910E+02    0.99375149294474E+00
    0.87888009009009E+02    0.99957700565640E+00
    0.87988108108108E+02    0.99541082376352E+00
    0.88088207207207E+02    0.98129452176426E+00
    0.88188306306306E+02    0.95736913649511E+00
    0.88288405405405E+02    0.92387375870909E+00
    0.88388504504505E+02    0.88114314446147E+00
    0.88488603603604E+02    0.82960437016243E+00
    0.88588702702703E+02    0.76977256470973E+00
    0.88688801801802E+02    0.70224576135015E+00
    0.88788900900901E+02    0.62769892070958E+00
    0.88889000000000E+02    0.54687718472757E+00
    0.88989099099099E+02    0.46058842891273E+00
    0.89089198198198E+02    0.36969518736023E+00
    0.89189297297297E+02    0.27510603123697E+00
    0.89289396396396E+02    0.17776648691061E+00
    0.89389495495495E+02    0.78649584500981E-01
    0.89489594594595E+02   -0.21253868670991E-01
    0.89589693693694E+02   -0.12094519251280E+00
    0.89689792792793E+02   -0.21942781745229E+00
    0.89789891891892E+02   -0.31571724680347E+00
    0.89889990990991E+02   -0.40885089860450E+00
    0.89990090090090E+02   -0.49789772854815E+00
    0.90090189189189E+02   -0.58196753779175E+00
    0.90190288288288E+02   -0.66021987260162E+00
    0.90290387387387E+02   -0.73187242684623E+00
    0.90390486486486E+02   -0.79620886333522E+00
    0.90490585585586E+02   -0.85258597580133E+00
    0.90590684684685E+02   -0.90044011991270E+00
    0.90690783783784E+02   -0.93929284901302E+00
    0.90790882882883E+02   -0.96875569823188E+00
    0.90890981981982E+02   -0.98853406912150E+00
    0.90991081081081E+02   -0.99843017596810E+00
    0.91091180180180E+02   -0.99834502430471E+00
    0.91191279279279E+02   -0.98827940182766E+00
    0.91291378378378E+02   -0.96833387179124E+00
    0.91391477477477E+02   -0.93870776892762E+00
    0.91491576576577E+02   -0.89969720791172E+00
    0.91591675675676E+02   -0.85169212426125E+00
    0.91691774774775E+02   -0.79517237723764E+00
    0.91791873873874E+02   -0.73070295369172E+00
    0.91891972972973E+02   -0.65892832078311E+00
    0.91992072072072E+02   -0.58056598402058E+00
    0.92092171171171E+02   -0.49639931500722E+00
    0.92192270270270E+02   -0.40726972058445E+00
    0.92292369369369E+02   -0.31406823164954E+00
    0.92392468468468E+02   -0.21772659572856E+00
    0.92492567567568E+02   -0.11920796234833E+00
    0.92592666666667E+02   -0.19497254323334E-01
    0.92692765765766E+02    0.80408678784928E-01
    0.92792864864865E+02    0.17951102659618E+00
    0.92892963963964E+02    0.27681900359241E+00
    0.92993063063063E+02    0.37135975472086E+00
    0.93093162162162E+02    0.46218808188104E+00
    0.93193261261261E+02    0.54839589405167E+00
    0.93293360360360E+02    0.62912128657001E+00
    0.93393459459459E+02    0.70355715878448E+00
    0.93493558558559E+02    0.77095928391594E+00
    0.93593657657658E+02    0.83065375043381E+00
    0.93693756756757E+02    0.88204370053865E+00
    0.93793855855856E+02    0.92461529836872E+00
    0.93893954954955E+02    0.95794286824624E+00
    0.93994054054054E+02    0.98169315157596E+00
    0.94094153153153E+02    0.99562863982153E+00
    0.94194252252252E+02    0.99960995021903E+00
    0.94294351351351E+02    0.99359722045952E+00
    0.94394450450450E+02    0.97765050837861E+00
    0.94494549549550E+02    0.95192919264021E+00
    0.94594648648649E+02    0.91669038038984E+00
    0.94694747747748E+02    0.87228633777947E+00
    0.94794846846847E+02    0.81916096904017E+00
    0.94894945945946E+02    0.75784537928642E+00
    0.94995045045045E+02    0.68895256540404E+00
    0.95095144144144E+02    0.61317128808613E+00
    0.95195243243243E+02    0.53125918627474E+00
    0.95295342342342E+02    0.44403520283982E+00
    0.95395441441441E+02    0.35237139721456E+00
    0.95495540540541E+02    0.25718422683604E+00
    0.95595639639640E+02    0.15942538455748E+00
    0.95695738738739E+02    0.60072283635322E-01
    0.95795837837838E+02   -0.39881714580369E-01
    0.95895936936937E+02   -0.13943723254547E+00
    0.95996036036036E+02   -0.23759886871064E+00
    0.96096135135135E+02   -0.33338515009136E+00
    0.96196234234234E+02   -0.42583834570765E+00
    0.96296333333333E+02   -0.51403404277284E+00
    0.96396432432432E+02   -0.59709038987047E+00
    0.96496531531532E+02   -0.67417691470487E+00
    0.96596630630631E+02   -0.74452282824369E+00
    0.96696729729730E+02   -0.80742473221840E+00
    0.96796828828829E+02   -0.86225365290468E+00
    0.96896927927928E+02   -0.90846133084467E+00
    0.96997027027027E+02   -0.94558570360849E+00
    0.97097126126126E+02   -0.97325552676077E+00
    0.97197225225225E+02   -0.99119408681547E+00
    0.97297324324324E+02   -0.99922196903674E+00
    0.97397423423423E+02   -0.99725885239887E+00
    0.97497522522523E+02   -0.98532431374020E+00
    0.97597621621622E+02   -0.96353763305583E+00
    0.97697720720721E+02   -0.93211660186028E+00
    0.97797819819820E+02   -0.89137534651947E+00
    0.97897918918919E+02   -0.84172118830247E+00
    0.97998018018018E+02   -0.78365057153281E+00
    0.98098117117117E+02   -0.71774410054222E+00
    0.98198216216216E+02   -0.64466073503660E+00
    0.98298315315315E+02   -0.56513120190639E+00
    0.98398414414414E+02   -0.47995068934098E+00
    0.98498513513514E+02   -0.38997089629369E+00
    0.98598612612613E+02   -0.29609151678504E+00
    0.98698711711712E+02   -0.19925124418383E+00
    0.98798810810811E+02   -0.10041838541677E+00
    0.98898909909910E+02   -0.58117894040582E-03
    0.98999009009009E+02    0.99262086701672E-01
    0.99099108108108E+02    0.19811305494382E+00
    0.99199207207207E+02    0.29498328406434E+00
    0.99299306306306E+02    0.38890413103318E+00
    0.99399405405405E+02    0.47893643750656E+00
    0.99499504504505E+02    0.56417992111257E+00
    0.99599603603604E+02    0.64378217811271E+00
    0.99699702702703E+02    0.71694720741455E+00
    0.99799801801802E+02    0.78294337068908E+00
    0.99899900900901E+02    0.84111070899205E+00
    0.10000000000000E+03    0.89086754271208E+00
