           0           0           0  0.000000000000000E+000
           0           1           0  0.000000000000000E+000
           0           2           0  0.447213595499958     
           1           0           0  0.000000000000000E+000
           1           0           1  0.000000000000000E+000
           1           1           0  0.400000000000000     
           1           1           1 -0.200000000000000     
           1           2           0  0.000000000000000E+000
           1           2           1  0.000000000000000E+000
           1           3           0  0.392792202424786     
           1           3           1  0.320713490294909     
           2           0           0  0.447213595499958     
           2           0           1  0.000000000000000E+000
           2           0           2  0.000000000000000E+000
           2           1           0  0.000000000000000E+000
           2           1           1  0.000000000000000E+000
           2           1           2  0.000000000000000E+000
           2           2           0  0.285714285714286     
           2           2           1  0.142857142857143     
           2           2           2 -0.285714285714286     
           2           3           0  0.000000000000000E+000
           2           3           1  0.000000000000000E+000
           2           3           2  0.000000000000000E+000
           2           4           0  0.383325938999963     
           2           4           1  0.349927106111882     
           2           4           2  0.247435829652696     
           3           1           0  0.392792202424786     
           3           1           1  0.320713490294909     
           3           1           2  0.000000000000000E+000
           3           1           3  0.000000000000000E+000
           3           2           0  0.000000000000000E+000
           3           2           1  0.000000000000000E+000
           3           2           2  0.000000000000000E+000
           3           2           3  0.000000000000000E+000
           3           3           0  0.266666666666666     
           3           3           1  0.200000000000000     
           3           3           2  0.000000000000000E+000
           3           3           3 -0.333333333333333     
           3           4           0  0.000000000000000E+000
           3           4           1  0.000000000000000E+000
           3           4           2  0.000000000000000E+000
           3           4           3  0.000000000000000E+000
           3           5           0  0.379868588198792     
           3           5           1  0.360374985078223     
           3           5           2  0.301511344577763     
           3           5           3  0.201007563051842     
           4           2           0  0.383325938999963     
           4           2           1  0.349927106111882     
           4           2           2  0.247435829652696     
           4           2           3  0.000000000000000E+000
           4           2           4  0.000000000000000E+000
           4           3           0  5.503174209411570E-032
           4           3           1 -7.211110073938360E-017
           4           3           2 -1.289962585484777E-016
           4           3           3 -1.477837797911233E-016
           4           3           4  0.000000000000000E+000
           4           4           0  0.259740259740260     
           4           4           1  0.220779220779221     
           4           4           2  0.103896103896104     
           4           4           3 -9.090909090909095E-002
           4           4           4 -0.363636363636364     
           4           5           0  0.000000000000000E+000
           4           5           1  0.000000000000000E+000
           4           5           2  0.000000000000000E+000
           4           5           3  0.000000000000000E+000
           4           5           4  0.000000000000000E+000
           4           6           0  0.378204679244474     
           4           6           1  0.365380432940227     
           4           6           2  0.326806194281061     
           4           6           3  0.262027888044688     
           4           6           4  0.169138274439830     
           5           3           0  0.379868588198792     
           5           3           1  0.360374985078223     
           5           3           2  0.301511344577763     
           5           3           3  0.201007563051842     
           5           3           4  0.000000000000000E+000
           5           3           5  0.000000000000000E+000
           5           4           0  0.000000000000000E+000
           5           4           1  0.000000000000000E+000
           5           4           2  0.000000000000000E+000
           5           4           3  0.000000000000000E+000
           5           4           4  0.000000000000000E+000
           5           4           5  0.000000000000000E+000
           5           5           0  0.256410256410257     
           5           5           1  0.230769230769231     
           5           5           2  0.153846153846154     
           5           5           3  2.564102564102572E-002
           5           5           4 -0.153846153846154     
           5           5           5 -0.384615384615385     
           5           6           0  7.461970273129106E-031
           5           6           1 -1.766354016019243E-016
           5           6           2 -3.377914966654252E-016
           5           6           3 -4.654219535332516E-016
           5           6           4 -5.340952518499574E-016
           5           6           5 -4.951195498418288E-016
           6           4           0  0.378204679244474     
           6           4           1  0.365380432940227     
           6           4           2  0.326806194281061     
           6           4           3  0.262027888044688     
           6           4           4  0.169138274439830     
           6           4           5  0.000000000000000E+000
           6           4           6  0.000000000000000E+000
           6           5           0  0.000000000000000E+000
           6           5           1  0.000000000000000E+000
           6           5           2  0.000000000000000E+000
           6           5           3  0.000000000000000E+000
           6           5           4  0.000000000000000E+000
           6           5           5  0.000000000000000E+000
           6           5           6  0.000000000000000E+000
           6           6           0  0.254545454545455     
           6           6           1  0.236363636363637     
           6           6           2  0.181818181818182     
           6           6           3  9.090909090909093E-002
           6           6           4 -3.636363636363656E-002
           6           6           5 -0.200000000000000     
           6           6           6 -0.400000000000000     
