   1.0000000000000002E-003   236.52197629453048     
   2.3357214690901233E-003   284.17000756968906     
   5.4555947811685233E-003   415.17794867361999     
   1.2742749857031339E-002   565.21088004513035     
   2.9763514416313194E-002   838.80172693979875     
   6.9519279617756113E-002   1172.3221611198855     
  0.16237767391887220        1447.5527598279098     
  0.37926901907322508        1534.1035501077329     
  0.88586679041008320        1247.1505296898440     
   2.0691380811147915        518.08393053963187     
   4.8329302385717590        11.147519019997709     
   11.288378916846897        107.48708708787879     
   26.366508987303579        25.904671065067312     
   61.584821106602703        11.027943164075179     
   143.84498882876633        6.3961953133854417     
   335.98182862837876        2.0579977871594402     
   784.75997035146202       0.98786055250055627     
   1832.9807108324364       0.35330199102878390     
   4281.3323987193999       0.26907313427672108     
   10000.000000000009        5.6781338233671515E-004
