   1.0000000000000002E-003   554.91458588530259     
   1.2742749857031336E-003   513.24346971744080     
   1.6237767391887226E-003   477.12692241524638     
   2.0691380811147901E-003   446.47536527814663     
   2.6366508987303605E-003   399.32418800637197     
   3.3598182862837837E-003   366.15585540248571     
   4.2813323987193948E-003   310.70999485356833     
   5.4555947811685233E-003   265.60394099577098     
   6.9519279617756089E-003   207.71124646576413     
   8.8586679041008278E-003   123.25848134885207     
   1.1288378916846899E-002   47.842653457259132     
   1.4384498882876635E-002   22.612731357520140     
   1.8329807108324370E-002   247.17253904832256     
   2.3357214690901240E-002   1195.6681330531969     
   2.9763514416313194E-002   4235.4485092311425     
   3.7926901907322515E-002   10964.092997964859     
   4.8329302385717567E-002   14965.156613700412     
   6.1584821106602662E-002   58.862567445143064     
   7.8475997035146197E-002   385.94689067616997     
  0.10000000000000006        5209.0612148766850     
